0
1
10
756
757
3160
3186
3187
3250
7560
7561
7651
20007
59548377
59548401
45773612811
45775397187
237617431723407
24991943420078301
24991943420078302
24991943420078307
24991943715007536
24991943715007537
24991943715007650
24991943720860930
24991943720875257
24991943720875285
25005505715016255
25005505715016256
25005505715016276
25005505715016277
25005505715017002
25005505715017005
25005505715017011
25005505715017012
25005505715035632
25005505715035875
25005505715035876
25006879956022552
25006879956022555
25006879956023275
25006879956023280
25006879956023281
