# rds.c 1104 1300 39: omega(G_N) by Russian-doll search for every N in [1104, 1300] with 2N squarefree
# columns: N  omega(G_N)  f(N)  nodes  [RECORD when f grows]
1105 35 39 251579266
1109 35 39 175120989
1111 36 39 142477002
1113 36 39 141442938
1115 37 39 269484771
1117 36 39 331014092
1119 34 39 490474608
1121 37 39 130817732
1123 37 39 138733354
1129 36 39 233182941
1131 37 39 528583456
1133 36 39 286120942
1135 35 39 501462210
1137 35 39 383999358
1139 38 39 424719180
1141 36 39 311541341
1145 35 39 420190299
1147 36 39 202287902
1149 36 39 631945324
1151 37 39 356445967
1153 36 39 868516396
1155 38 39 150097239
1157 37 39 164057394
1159 37 39 333261199
1163 38 39 173959107
1165 36 39 337433587
1167 38 39 618355938
1169 36 39 1091690208
1171 37 39 544832476
1173 35 39 465534654
1177 36 39 356487862
1181 37 39 503084730
1185 36 39 1237831781
1187 37 39 1032954344
1189 37 39 1545256404
1191 35 39 1246078474
1193 37 39 645872500
1195 37 39 731631620
1199 37 39 700297627
1201 37 39 504330371
1203 37 39 2361892374
1205 37 39 1846415395
1207 37 39 1613983133
1209 36 39 508851073
1211 38 39 2429526515
1213 36 39 1804544509
1217 37 39 1273321995
1219 37 39 895977905
1221 38 39 687890585
1223 38 39 1654363646
1227 36 39 1483903157
1229 36 39 2108410595
1231 38 39 1393666631
1235 38 39 590677812
1237 37 39 582838688
1239 38 39 2582705838
1241 38 39 3914100178
1243 38 39 1386534023
1245 37 39 439205265
1247 38 39 1959808644
1249 37 39 2624527548
1253 38 39 2037922910
1255 39 40 701715191 RECORD
1257 38 40 1623000677
1259 39 40 2492460647
1261 37 40 5420679570
1263 38 40 806509211
1265 39 40 1520007527
1267 38 40 3343013733
1271 39 40 1585944352
1273 38 40 1224298302
1277 40 41 5173142278 RECORD
1279 38 41 1868100221
1281 38 41 1357703845
1283 40 41 1747236594
1285 38 41 2963244869
1289 39 41 3343992682
1291 38 41 1814086019
1293 41 42 1071136658 RECORD
1295 41 42 1941558533
1297 37 42 17626150249
1299 38 42 2110588209
