0 1 2 3 6
0 1 2 4 7
0 1 2 5 8
0 1 3 5 6
0 1 3 6 8
0 1 4 5 7
0 1 4 7 8
0 2 3 4 6
0 2 3 6 7
0 2 4 5 8
0 2 5 7 8
0 3 4 5 6
0 3 4 6 8
0 3 5 6 7
0 3 6 7 8
0 3 6 27 54
0 3 6 27 57
0 3 6 27 60
0 3 6 28 56
0 3 6 28 59
0 3 6 28 62
0 3 6 29 55
0 3 6 29 58
0 3 6 29 61
0 3 6 30 54
0 3 6 30 57
0 3 6 30 60
0 3 6 31 56
0 3 6 31 59
0 3 6 31 62
0 3 6 32 55
0 3 6 32 58
0 3 6 32 61
0 3 6 33 54
0 3 6 33 57
0 3 6 33 60
0 3 6 34 56
0 3 6 34 59
0 3 6 34 62
0 3 6 35 55
0 3 6 35 58
0 3 6 35 61
0 3 27 30 60
0 3 27 33 54
0 3 27 54 60
0 3 30 33 57
0 3 30 57 60
0 3 33 54 57
0 6 27 30 54
0 6 27 33 57
0 6 27 54 57
0 6 30 33 60
0 6 30 54 60
0 6 33 57 60
0 9 18 27 54
0 9 18 36 63
0 9 18 45 72
0 9 27 45 54
0 9 27 54 72
0 9 36 45 63
0 9 36 63 72
0 10 20 30 60
0 10 20 40 70
0 10 20 50 80
0 10 30 50 60
0 10 30 60 80
0 10 40 50 70
0 10 40 70 80
0 11 22 33 57
0 11 22 44 68
0 11 22 46 79
0 11 33 46 57
0 11 33 57 79
0 11 44 46 68
0 11 44 68 79
0 12 24 27 54
0 12 24 39 66
0 12 24 51 78
0 12 27 51 54
0 12 27 54 78
0 12 39 51 66
0 12 39 66 78
0 13 26 30 60
0 13 26 43 64
0 13 26 47 77
0 13 30 47 60
0 13 30 60 77
0 13 43 47 64
0 13 43 64 77
0 14 19 33 57
0 14 19 38 71
0 14 19 52 76
0 14 33 52 57
0 14 33 57 76
0 14 38 52 71
0 14 38 71 76
0 15 21 27 54
0 15 21 42 69
0 15 21 48 75
0 15 27 48 54
0 15 27 54 75
0 15 42 48 69
0 15 42 69 75
0 16 23 30 60
0 16 23 37 67
0 16 23 53 74
0 16 30 53 60
0 16 30 60 74
0 16 37 53 67
0 16 37 67 74
0 17 25 33 57
0 17 25 41 65
0 17 25 49 73
0 17 33 49 57
0 17 33 57 73
0 17 41 49 65
0 17 41 65 73
0 18 27 36 54
0 18 27 54 63
0 18 36 45 72
0 18 45 63 72
0 19 33 38 57
0 19 33 57 71
0 19 38 52 76
0 19 52 71 76
0 20 30 40 60
0 20 30 60 70
0 20 40 50 80
0 20 50 70 80
0 21 27 42 54
0 21 27 54 69
0 21 42 48 75
0 21 48 69 75
0 22 33 44 57
0 22 33 57 68
0 22 44 46 79
0 22 46 68 79
0 23 30 37 60
0 23 30 60 67
0 23 37 53 74
0 23 53 67 74
0 24 27 39 54
0 24 27 54 66
0 24 39 51 78
0 24 51 66 78
0 25 33 41 57
0 25 33 57 65
0 25 41 49 73
0 25 49 65 73
0 26 30 43 60
0 26 30 60 64
0 26 43 47 77
0 26 47 64 77
0 27 30 33 54
0 27 30 33 57
0 27 30 33 60
0 27 30 54 60
0 27 33 54 57
0 27 36 45 54
0 27 36 54 72
0 27 39 51 54
0 27 39 54 78
0 27 42 48 54
0 27 42 54 75
0 27 45 54 63
0 27 48 54 69
0 27 51 54 66
0 27 54 57 60
0 27 54 63 72
0 27 54 66 78
0 27 54 69 75
0 28 31 34 56
0 28 31 34 59
0 28 31 34 62
0 28 56 59 62
0 29 32 35 55
0 29 32 35 58
0 29 32 35 61
0 29 55 58 61
0 30 33 57 60
0 30 37 53 60
0 30 37 60 74
0 30 40 50 60
0 30 40 60 80
0 30 43 47 60
0 30 43 60 77
0 30 47 60 64
0 30 50 60 70
0 30 53 60 67
0 30 54 57 60
0 30 60 64 77
0 30 60 67 74
0 30 60 70 80
0 31 56 59 62
0 32 55 58 61
0 33 38 52 57
0 33 38 57 76
0 33 41 49 57
0 33 41 57 73
0 33 44 46 57
0 33 44 57 79
0 33 46 57 68
0 33 49 57 65
0 33 52 57 71
0 33 54 57 60
0 33 57 65 73
0 33 57 68 79
0 33 57 71 76
0 34 56 59 62
0 35 55 58 61
1 2 3 4 7
1 2 3 5 8
1 2 4 6 7
1 2 5 6 8
1 3 4 5 7
1 3 4 7 8
1 4 5 6 7
1 4 6 7 8
1 4 7 27 56
1 4 7 27 59
1 4 7 27 62
1 4 7 28 55
1 4 7 28 58
1 4 7 28 61
1 4 7 29 54
1 4 7 29 57
1 4 7 29 60
1 4 7 30 56
1 4 7 30 59
1 4 7 30 62
1 4 7 31 55
1 4 7 31 58
1 4 7 31 61
1 4 7 32 54
1 4 7 32 57
1 4 7 32 60
1 4 7 33 56
1 4 7 33 59
1 4 7 33 62
1 4 7 34 55
1 4 7 34 58
1 4 7 34 61
1 4 7 35 54
1 4 7 35 57
1 4 7 35 60
1 4 28 31 61
1 4 28 34 55
1 4 28 55 61
1 4 31 34 58
1 4 31 58 61
1 4 34 55 58
1 7 28 31 55
1 7 28 34 58
1 7 28 55 58
1 7 31 34 61
1 7 31 55 61
1 7 34 58 61
1 9 26 34 58
1 9 26 42 66
1 9 26 50 74
1 9 34 50 58
1 9 34 58 74
1 9 42 50 66
1 9 42 66 74
1 10 19 28 55
1 10 19 37 64
1 10 19 46 73
1 10 28 46 55
1 10 28 55 73
1 10 37 46 64
1 10 37 64 73
1 11 21 31 61
1 11 21 41 71
1 11 21 51 72
1 11 31 51 61
1 11 31 61 72
1 11 41 51 71
1 11 41 71 72
1 12 23 34 58
1 12 23 36 69
1 12 23 47 80
1 12 34 47 58
1 12 34 58 80
1 12 36 47 69
1 12 36 69 80
1 13 25 28 55
1 13 25 40 67
1 13 25 52 79
1 13 28 52 55
1 13 28 55 79
1 13 40 52 67
1 13 40 67 79
1 14 18 31 61
1 14 18 44 65
1 14 18 48 78
1 14 31 48 61
1 14 31 61 78
1 14 44 48 65
1 14 44 65 78
1 15 20 34 58
1 15 20 39 63
1 15 20 53 77
1 15 34 53 58
1 15 34 58 77
1 15 39 53 63
1 15 39 63 77
1 16 22 28 55
1 16 22 43 70
1 16 22 49 76
1 16 28 49 55
1 16 28 55 76
1 16 43 49 70
1 16 43 70 76
1 17 24 31 61
1 17 24 38 68
1 17 24 45 75
1 17 31 45 61
1 17 31 61 75
1 17 38 45 68
1 17 38 68 75
1 18 31 44 61
1 18 31 61 65
1 18 44 48 78
1 18 48 65 78
1 19 28 37 55
1 19 28 55 64
1 19 37 46 73
1 19 46 64 73
1 20 34 39 58
1 20 34 58 63
1 20 39 53 77
1 20 53 63 77
1 21 31 41 61
1 21 31 61 71
1 21 41 51 72
1 21 51 71 72
1 22 28 43 55
1 22 28 55 70
1 22 43 49 76
1 22 49 70 76
1 23 34 36 58
1 23 34 58 69
1 23 36 47 80
1 23 47 69 80
1 24 31 38 61
1 24 31 61 68
1 24 38 45 75
1 24 45 68 75
1 25 28 40 55
1 25 28 55 67
1 25 40 52 79
1 25 52 67 79
1 26 34 42 58
1 26 34 58 66
1 26 42 50 74
1 26 50 66 74
1 27 30 33 56
1 27 30 33 59
1 27 30 33 62
1 27 56 59 62
1 28 31 34 55
1 28 31 34 58
1 28 31 34 61
1 28 31 55 61
1 28 34 55 58
1 28 37 46 55
1 28 37 55 73
1 28 40 52 55
1 28 40 55 79
1 28 43 49 55
1 28 43 55 76
1 28 46 55 64
1 28 49 55 70
1 28 52 55 67
1 28 55 58 61
1 28 55 64 73
1 28 55 67 79
1 28 55 70 76
1 29 32 35 54
1 29 32 35 57
1 29 32 35 60
1 29 54 57 60
1 30 56 59 62
1 31 34 58 61
1 31 38 45 61
1 31 38 61 75
1 31 41 51 61
1 31 41 61 72
1 31 44 48 61
1 31 44 61 78
1 31 45 61 68
1 31 48 61 65
1 31 51 61 71
1 31 55 58 61
1 31 61 65 78
1 31 61 68 75
1 31 61 71 72
1 32 54 57 60
1 33 56 59 62
1 34 36 47 58
1 34 36 58 80
1 34 39 53 58
1 34 39 58 77
1 34 42 50 58
1 34 42 58 74
1 34 47 58 69
1 34 50 58 66
1 34 53 58 63
1 34 55 58 61
1 34 58 63 77
1 34 58 66 74
1 34 58 69 80
1 35 54 57 60
2 3 4 5 8
2 3 5 7 8
2 4 5 6 8
2 5 6 7 8
2 5 8 27 55
2 5 8 27 58
2 5 8 27 61
2 5 8 28 54
2 5 8 28 57
2 5 8 28 60
2 5 8 29 56
2 5 8 29 59
2 5 8 29 62
2 5 8 30 55
2 5 8 30 58
2 5 8 30 61
2 5 8 31 54
2 5 8 31 57
2 5 8 31 60
2 5 8 32 56
2 5 8 32 59
2 5 8 32 62
2 5 8 33 55
2 5 8 33 58
2 5 8 33 61
2 5 8 34 54
2 5 8 34 57
2 5 8 34 60
2 5 8 35 56
2 5 8 35 59
2 5 8 35 62
2 5 29 32 62
2 5 29 35 56
2 5 29 56 62
2 5 32 35 59
2 5 32 59 62
2 5 35 56 59
2 8 29 32 56
2 8 29 35 59
2 8 29 56 59
2 8 32 35 62
2 8 32 56 62
2 8 35 59 62
2 9 25 32 62
2 9 25 39 69
2 9 25 46 76
2 9 32 46 62
2 9 32 62 76
2 9 39 46 69
2 9 39 69 76
2 10 18 35 59
2 10 18 43 67
2 10 18 51 75
2 10 35 51 59
2 10 35 59 75
2 10 43 51 67
2 10 43 67 75
2 11 20 29 56
2 11 20 38 65
2 11 20 47 74
2 11 29 47 56
2 11 29 56 74
2 11 38 47 65
2 11 38 65 74
2 12 22 32 62
2 12 22 42 63
2 12 22 52 73
2 12 32 52 62
2 12 32 62 73
2 12 42 52 63
2 12 42 63 73
2 13 24 35 59
2 13 24 37 70
2 13 24 48 72
2 13 35 48 59
2 13 35 59 72
2 13 37 48 70
2 13 37 70 72
2 14 26 29 56
2 14 26 41 68
2 14 26 53 80
2 14 29 53 56
2 14 29 56 80
2 14 41 53 68
2 14 41 68 80
2 15 19 32 62
2 15 19 36 66
2 15 19 49 79
2 15 32 49 62
2 15 32 62 79
2 15 36 49 66
2 15 36 66 79
2 16 21 35 59
2 16 21 40 64
2 16 21 45 78
2 16 35 45 59
2 16 35 59 78
2 16 40 45 64
2 16 40 64 78
2 17 23 29 56
2 17 23 44 71
2 17 23 50 77
2 17 29 50 56
2 17 29 56 77
2 17 44 50 71
2 17 44 71 77
2 18 35 43 59
2 18 35 59 67
2 18 43 51 75
2 18 51 67 75
2 19 32 36 62
2 19 32 62 66
2 19 36 49 79
2 19 49 66 79
2 20 29 38 56
2 20 29 56 65
2 20 38 47 74
2 20 47 65 74
2 21 35 40 59
2 21 35 59 64
2 21 40 45 78
2 21 45 64 78
2 22 32 42 62
2 22 32 62 63
2 22 42 52 73
2 22 52 63 73
2 23 29 44 56
2 23 29 56 71
2 23 44 50 77
2 23 50 71 77
2 24 35 37 59
2 24 35 59 70
2 24 37 48 72
2 24 48 70 72
2 25 32 39 62
2 25 32 62 69
2 25 39 46 76
2 25 46 69 76
2 26 29 41 56
2 26 29 56 68
2 26 41 53 80
2 26 53 68 80
2 27 30 33 55
2 27 30 33 58
2 27 30 33 61
2 27 55 58 61
2 28 31 34 54
2 28 31 34 57
2 28 31 34 60
2 28 54 57 60
2 29 32 35 56
2 29 32 35 59
2 29 32 35 62
2 29 32 56 62
2 29 35 56 59
2 29 38 47 56
2 29 38 56 74
2 29 41 53 56
2 29 41 56 80
2 29 44 50 56
2 29 44 56 77
2 29 47 56 65
2 29 50 56 71
2 29 53 56 68
2 29 56 59 62
2 29 56 65 74
2 29 56 68 80
2 29 56 71 77
2 30 55 58 61
2 31 54 57 60
2 32 35 59 62
2 32 36 49 62
2 32 36 62 79
2 32 39 46 62
2 32 39 62 76
2 32 42 52 62
2 32 42 62 73
2 32 46 62 69
2 32 49 62 66
2 32 52 62 63
2 32 56 59 62
2 32 62 63 73
2 32 62 66 79
2 32 62 69 76
2 33 55 58 61
2 34 54 57 60
2 35 37 48 59
2 35 37 59 72
2 35 40 45 59
2 35 40 59 78
2 35 43 51 59
2 35 43 59 75
2 35 45 59 64
2 35 48 59 70
2 35 51 59 67
2 35 56 59 62
2 35 59 64 78
2 35 59 67 75
2 35 59 70 72
3 6 27 30 57
3 6 27 33 60
3 6 27 57 60
3 6 30 33 54
3 6 30 54 57
3 6 33 54 60
3 9 24 30 57
3 9 24 36 63
3 9 24 51 78
3 9 30 51 57
3 9 30 57 78
3 9 36 51 63
3 9 36 63 78
3 10 26 33 54
3 10 26 40 70
3 10 26 47 77
3 10 33 47 54
3 10 33 54 77
3 10 40 47 70
3 10 40 70 77
3 11 19 27 60
3 11 19 44 68
3 11 19 52 76
3 11 27 52 60
3 11 27 60 76
3 11 44 52 68
3 11 44 68 76
3 12 21 30 57
3 12 21 39 66
3 12 21 48 75
3 12 30 48 57
3 12 30 57 75
3 12 39 48 66
3 12 39 66 75
3 13 23 33 54
3 13 23 43 64
3 13 23 53 74
3 13 33 53 54
3 13 33 54 74
3 13 43 53 64
3 13 43 64 74
3 14 25 27 60
3 14 25 38 71
3 14 25 49 73
3 14 27 49 60
3 14 27 60 73
3 14 38 49 71
3 14 38 71 73
3 15 18 30 57
3 15 18 42 69
3 15 18 45 72
3 15 30 45 57
3 15 30 57 72
3 15 42 45 69
3 15 42 69 72
3 16 20 33 54
3 16 20 37 67
3 16 20 50 80
3 16 33 50 54
3 16 33 54 80
3 16 37 50 67
3 16 37 67 80
3 17 22 27 60
3 17 22 41 65
3 17 22 46 79
3 17 27 46 60
3 17 27 60 79
3 17 41 46 65
3 17 41 65 79
3 18 30 42 57
3 18 30 57 69
3 18 42 45 72
3 18 45 69 72
3 19 27 44 60
3 19 27 60 68
3 19 44 52 76
3 19 52 68 76
3 20 33 37 54
3 20 33 54 67
3 20 37 50 80
3 20 50 67 80
3 21 30 39 57
3 21 30 57 66
3 21 39 48 75
3 21 48 66 75
3 22 27 41 60
3 22 27 60 65
3 22 41 46 79
3 22 46 65 79
3 23 33 43 54
3 23 33 54 64
3 23 43 53 74
3 23 53 64 74
3 24 30 36 57
3 24 30 57 63
3 24 36 51 78
3 24 51 63 78
3 25 27 38 60
3 25 27 60 71
3 25 38 49 73
3 25 49 71 73
3 26 33 40 54
3 26 33 54 70
3 26 40 47 77
3 26 47 70 77
3 27 30 33 54
3 27 30 33 57
3 27 30 33 60
3 27 30 57 60
3 27 33 54 60
3 27 38 49 60
3 27 38 60 73
3 27 41 46 60
3 27 41 60 79
3 27 44 52 60
3 27 44 60 76
3 27 46 60 65
3 27 49 60 71
3 27 52 60 68
3 27 54 57 60
3 27 60 65 79
3 27 60 68 76
3 27 60 71 73
3 28 31 34 56
3 28 31 34 59
3 28 31 34 62
3 28 56 59 62
3 29 32 35 55
3 29 32 35 58
3 29 32 35 61
3 29 55 58 61
3 30 33 54 57
3 30 36 51 57
3 30 36 57 78
3 30 39 48 57
3 30 39 57 75
3 30 42 45 57
3 30 42 57 72
3 30 45 57 69
3 30 48 57 66
3 30 51 57 63
3 30 54 57 60
3 30 57 63 78
3 30 57 66 75
3 30 57 69 72
3 31 56 59 62
3 32 55 58 61
3 33 37 50 54
3 33 37 54 80
3 33 40 47 54
3 33 40 54 77
3 33 43 53 54
3 33 43 54 74
3 33 47 54 70
3 33 50 54 67
3 33 53 54 64
3 33 54 57 60
3 33 54 64 74
3 33 54 67 80
3 33 54 70 77
3 34 56 59 62
3 35 55 58 61
4 7 28 31 58
4 7 28 34 61
4 7 28 58 61
4 7 31 34 55
4 7 31 55 58
4 7 34 55 61
4 9 23 28 61
4 9 23 42 66
4 9 23 47 80
4 9 28 47 61
4 9 28 61 80
4 9 42 47 66
4 9 42 66 80
4 10 25 31 58
4 10 25 37 64
4 10 25 52 79
4 10 31 52 58
4 10 31 58 79
4 10 37 52 64
4 10 37 64 79
4 11 18 34 55
4 11 18 41 71
4 11 18 48 78
4 11 34 48 55
4 11 34 55 78
4 11 41 48 71
4 11 41 71 78
4 12 20 28 61
4 12 20 36 69
4 12 20 53 77
4 12 28 53 61
4 12 28 61 77
4 12 36 53 69
4 12 36 69 77
4 13 22 31 58
4 13 22 40 67
4 13 22 49 76
4 13 31 49 58
4 13 31 58 76
4 13 40 49 67
4 13 40 67 76
4 14 24 34 55
4 14 24 44 65
4 14 24 45 75
4 14 34 45 55
4 14 34 55 75
4 14 44 45 65
4 14 44 65 75
4 15 26 28 61
4 15 26 39 63
4 15 26 50 74
4 15 28 50 61
4 15 28 61 74
4 15 39 50 63
4 15 39 63 74
4 16 19 31 58
4 16 19 43 70
4 16 19 46 73
4 16 31 46 58
4 16 31 58 73
4 16 43 46 70
4 16 43 70 73
4 17 21 34 55
4 17 21 38 68
4 17 21 51 72
4 17 34 51 55
4 17 34 55 72
4 17 38 51 68
4 17 38 68 72
4 18 34 41 55
4 18 34 55 71
4 18 41 48 78
4 18 48 71 78
4 19 31 43 58
4 19 31 58 70
4 19 43 46 73
4 19 46 70 73
4 20 28 36 61
4 20 28 61 69
4 20 36 53 77
4 20 53 69 77
4 21 34 38 55
4 21 34 55 68
4 21 38 51 72
4 21 51 68 72
4 22 31 40 58
4 22 31 58 67
4 22 40 49 76
4 22 49 67 76
4 23 28 42 61
4 23 28 61 66
4 23 42 47 80
4 23 47 66 80
4 24 34 44 55
4 24 34 55 65
4 24 44 45 75
4 24 45 65 75
4 25 31 37 58
4 25 31 58 64
4 25 37 52 79
4 25 52 64 79
4 26 28 39 61
4 26 28 61 63
4 26 39 50 74
4 26 50 63 74
4 27 30 33 56
4 27 30 33 59
4 27 30 33 62
4 27 56 59 62
4 28 31 34 55
4 28 31 34 58
4 28 31 34 61
4 28 31 58 61
4 28 34 55 61
4 28 36 53 61
4 28 36 61 77
4 28 39 50 61
4 28 39 61 74
4 28 42 47 61
4 28 42 61 80
4 28 47 61 66
4 28 50 61 63
4 28 53 61 69
4 28 55 58 61
4 28 61 63 74
4 28 61 66 80
4 28 61 69 77
4 29 32 35 54
4 29 32 35 57
4 29 32 35 60
4 29 54 57 60
4 30 56 59 62
4 31 34 55 58
4 31 37 52 58
4 31 37 58 79
4 31 40 49 58
4 31 40 58 76
4 31 43 46 58
4 31 43 58 73
4 31 46 58 70
4 31 49 58 67
4 31 52 58 64
4 31 55 58 61
4 31 58 64 79
4 31 58 67 76
4 31 58 70 73
4 32 54 57 60
4 33 56 59 62
4 34 38 51 55
4 34 38 55 72
4 34 41 48 55
4 34 41 55 78
4 34 44 45 55
4 34 44 55 75
4 34 45 55 65
4 34 48 55 71
4 34 51 55 68
4 34 55 58 61
4 34 55 65 75
4 34 55 68 72
4 34 55 71 78
4 35 54 57 60
5 8 29 32 59
5 8 29 35 62
5 8 29 59 62
5 8 32 35 56
5 8 32 56 59
5 8 35 56 62
5 9 22 35 56
5 9 22 39 69
5 9 22 52 73
5 9 35 52 56
5 9 35 56 73
5 9 39 52 69
5 9 39 69 73
5 10 24 29 62
5 10 24 43 67
5 10 24 48 72
5 10 29 48 62
5 10 29 62 72
5 10 43 48 67
5 10 43 67 72
5 11 26 32 59
5 11 26 38 65
5 11 26 53 80
5 11 32 53 59
5 11 32 59 80
5 11 38 53 65
5 11 38 65 80
5 12 19 35 56
5 12 19 42 63
5 12 19 49 79
5 12 35 49 56
5 12 35 56 79
5 12 42 49 63
5 12 42 63 79
5 13 21 29 62
5 13 21 37 70
5 13 21 45 78
5 13 29 45 62
5 13 29 62 78
5 13 37 45 70
5 13 37 70 78
5 14 23 32 59
5 14 23 41 68
5 14 23 50 77
5 14 32 50 59
5 14 32 59 77
5 14 41 50 68
5 14 41 68 77
5 15 25 35 56
5 15 25 36 66
5 15 25 46 76
5 15 35 46 56
5 15 35 56 76
5 15 36 46 66
5 15 36 66 76
5 16 18 29 62
5 16 18 40 64
5 16 18 51 75
5 16 29 51 62
5 16 29 62 75
5 16 40 51 64
5 16 40 64 75
5 17 20 32 59
5 17 20 44 71
5 17 20 47 74
5 17 32 47 59
5 17 32 59 74
5 17 44 47 71
5 17 44 71 74
5 18 29 40 62
5 18 29 62 64
5 18 40 51 75
5 18 51 64 75
5 19 35 42 56
5 19 35 56 63
5 19 42 49 79
5 19 49 63 79
5 20 32 44 59
5 20 32 59 71
5 20 44 47 74
5 20 47 71 74
5 21 29 37 62
5 21 29 62 70
5 21 37 45 78
5 21 45 70 78
5 22 35 39 56
5 22 35 56 69
5 22 39 52 73
5 22 52 69 73
5 23 32 41 59
5 23 32 59 68
5 23 41 50 77
5 23 50 68 77
5 24 29 43 62
5 24 29 62 67
5 24 43 48 72
5 24 48 67 72
5 25 35 36 56
5 25 35 56 66
5 25 36 46 76
5 25 46 66 76
5 26 32 38 59
5 26 32 59 65
5 26 38 53 80
5 26 53 65 80
5 27 30 33 55
5 27 30 33 58
5 27 30 33 61
5 27 55 58 61
5 28 31 34 54
5 28 31 34 57
5 28 31 34 60
5 28 54 57 60
5 29 32 35 56
5 29 32 35 59
5 29 32 35 62
5 29 32 59 62
5 29 35 56 62
5 29 37 45 62
5 29 37 62 78
5 29 40 51 62
5 29 40 62 75
5 29 43 48 62
5 29 43 62 72
5 29 45 62 70
5 29 48 62 67
5 29 51 62 64
5 29 56 59 62
5 29 62 64 75
5 29 62 67 72
5 29 62 70 78
5 30 55 58 61
5 31 54 57 60
5 32 35 56 59
5 32 38 53 59
5 32 38 59 80
5 32 41 50 59
5 32 41 59 77
5 32 44 47 59
5 32 44 59 74
5 32 47 59 71
5 32 50 59 68
5 32 53 59 65
5 32 56 59 62
5 32 59 65 80
5 32 59 68 77
5 32 59 71 74
5 33 55 58 61
5 34 54 57 60
5 35 36 46 56
5 35 36 56 76
5 35 39 52 56
5 35 39 56 73
5 35 42 49 56
5 35 42 56 79
5 35 46 56 66
5 35 49 56 63
5 35 52 56 69
5 35 56 59 62
5 35 56 63 79
5 35 56 66 76
5 35 56 69 73
6 9 21 33 60
6 9 21 36 63
6 9 21 48 75
6 9 33 48 60
6 9 33 60 75
6 9 36 48 63
6 9 36 63 75
6 10 23 27 57
6 10 23 40 70
6 10 23 53 74
6 10 27 53 57
6 10 27 57 74
6 10 40 53 70
6 10 40 70 74
6 11 25 30 54
6 11 25 44 68
6 11 25 49 73
6 11 30 49 54
6 11 30 54 73
6 11 44 49 68
6 11 44 68 73
6 12 18 33 60
6 12 18 39 66
6 12 18 45 72
6 12 33 45 60
6 12 33 60 72
6 12 39 45 66
6 12 39 66 72
6 13 20 27 57
6 13 20 43 64
6 13 20 50 80
6 13 27 50 57
6 13 27 57 80
6 13 43 50 64
6 13 43 64 80
6 14 22 30 54
6 14 22 38 71
6 14 22 46 79
6 14 30 46 54
6 14 30 54 79
6 14 38 46 71
6 14 38 71 79
6 15 24 33 60
6 15 24 42 69
6 15 24 51 78
6 15 33 51 60
6 15 33 60 78
6 15 42 51 69
6 15 42 69 78
6 16 26 27 57
6 16 26 37 67
6 16 26 47 77
6 16 27 47 57
6 16 27 57 77
6 16 37 47 67
6 16 37 67 77
6 17 19 30 54
6 17 19 41 65
6 17 19 52 76
6 17 30 52 54
6 17 30 54 76
6 17 41 52 65
6 17 41 65 76
6 18 33 39 60
6 18 33 60 66
6 18 39 45 72
6 18 45 66 72
6 19 30 41 54
6 19 30 54 65
6 19 41 52 76
6 19 52 65 76
6 20 27 43 57
6 20 27 57 64
6 20 43 50 80
6 20 50 64 80
6 21 33 36 60
6 21 33 60 63
6 21 36 48 75
6 21 48 63 75
6 22 30 38 54
6 22 30 54 71
6 22 38 46 79
6 22 46 71 79
6 23 27 40 57
6 23 27 57 70
6 23 40 53 74
6 23 53 70 74
6 24 33 42 60
6 24 33 60 69
6 24 42 51 78
6 24 51 69 78
6 25 30 44 54
6 25 30 54 68
6 25 44 49 73
6 25 49 68 73
6 26 27 37 57
6 26 27 57 67
6 26 37 47 77
6 26 47 67 77
6 27 30 33 54
6 27 30 33 57
6 27 30 33 60
6 27 30 54 57
6 27 33 57 60
6 27 37 47 57
6 27 37 57 77
6 27 40 53 57
6 27 40 57 74
6 27 43 50 57
6 27 43 57 80
6 27 47 57 67
6 27 50 57 64
6 27 53 57 70
6 27 54 57 60
6 27 57 64 80
6 27 57 67 77
6 27 57 70 74
6 28 31 34 56
6 28 31 34 59
6 28 31 34 62
6 28 56 59 62
6 29 32 35 55
6 29 32 35 58
6 29 32 35 61
6 29 55 58 61
6 30 33 54 60
6 30 38 46 54
6 30 38 54 79
6 30 41 52 54
6 30 41 54 76
6 30 44 49 54
6 30 44 54 73
6 30 46 54 71
6 30 49 54 68
6 30 52 54 65
6 30 54 57 60
6 30 54 65 76
6 30 54 68 73
6 30 54 71 79
6 31 56 59 62
6 32 55 58 61
6 33 36 48 60
6 33 36 60 75
6 33 39 45 60
6 33 39 60 72
6 33 42 51 60
6 33 42 60 78
6 33 45 60 66
6 33 48 60 63
6 33 51 60 69
6 33 54 57 60
6 33 60 63 75
6 33 60 66 72
6 33 60 69 78
6 34 56 59 62
6 35 55 58 61
7 9 20 31 55
7 9 20 42 66
7 9 20 53 77
7 9 31 53 55
7 9 31 55 77
7 9 42 53 66
7 9 42 66 77
7 10 22 34 61
7 10 22 37 64
7 10 22 49 76
7 10 34 49 61
7 10 34 61 76
7 10 37 49 64
7 10 37 64 76
7 11 24 28 58
7 11 24 41 71
7 11 24 45 75
7 11 28 45 58
7 11 28 58 75
7 11 41 45 71
7 11 41 71 75
7 12 26 31 55
7 12 26 36 69
7 12 26 50 74
7 12 31 50 55
7 12 31 55 74
7 12 36 50 69
7 12 36 69 74
7 13 19 34 61
7 13 19 40 67
7 13 19 46 73
7 13 34 46 61
7 13 34 61 73
7 13 40 46 67
7 13 40 67 73
7 14 21 28 58
7 14 21 44 65
7 14 21 51 72
7 14 28 51 58
7 14 28 58 72
7 14 44 51 65
7 14 44 65 72
7 15 23 31 55
7 15 23 39 63
7 15 23 47 80
7 15 31 47 55
7 15 31 55 80
7 15 39 47 63
7 15 39 63 80
7 16 25 34 61
7 16 25 43 70
7 16 25 52 79
7 16 34 52 61
7 16 34 61 79
7 16 43 52 70
7 16 43 70 79
7 17 18 28 58
7 17 18 38 68
7 17 18 48 78
7 17 28 48 58
7 17 28 58 78
7 17 38 48 68
7 17 38 68 78
7 18 28 38 58
7 18 28 58 68
7 18 38 48 78
7 18 48 68 78
7 19 34 40 61
7 19 34 61 67
7 19 40 46 73
7 19 46 67 73
7 20 31 42 55
7 20 31 55 66
7 20 42 53 77
7 20 53 66 77
7 21 28 44 58
7 21 28 58 65
7 21 44 51 72
7 21 51 65 72
7 22 34 37 61
7 22 34 61 64
7 22 37 49 76
7 22 49 64 76
7 23 31 39 55
7 23 31 55 63
7 23 39 47 80
7 23 47 63 80
7 24 28 41 58
7 24 28 58 71
7 24 41 45 75
7 24 45 71 75
7 25 34 43 61
7 25 34 61 70
7 25 43 52 79
7 25 52 70 79
7 26 31 36 55
7 26 31 55 69
7 26 36 50 74
7 26 50 69 74
7 27 30 33 56
7 27 30 33 59
7 27 30 33 62
7 27 56 59 62
7 28 31 34 55
7 28 31 34 58
7 28 31 34 61
7 28 31 55 58
7 28 34 58 61
7 28 38 48 58
7 28 38 58 78
7 28 41 45 58
7 28 41 58 75
7 28 44 51 58
7 28 44 58 72
7 28 45 58 71
7 28 48 58 68
7 28 51 58 65
7 28 55 58 61
7 28 58 65 72
7 28 58 68 78
7 28 58 71 75
7 29 32 35 54
7 29 32 35 57
7 29 32 35 60
7 29 54 57 60
7 30 56 59 62
7 31 34 55 61
7 31 36 50 55
7 31 36 55 74
7 31 39 47 55
7 31 39 55 80
7 31 42 53 55
7 31 42 55 77
7 31 47 55 63
7 31 50 55 69
7 31 53 55 66
7 31 55 58 61
7 31 55 63 80
7 31 55 66 77
7 31 55 69 74
7 32 54 57 60
7 33 56 59 62
7 34 37 49 61
7 34 37 61 76
7 34 40 46 61
7 34 40 61 73
7 34 43 52 61
7 34 43 61 79
7 34 46 61 67
7 34 49 61 64
7 34 52 61 70
7 34 55 58 61
7 34 61 64 76
7 34 61 67 73
7 34 61 70 79
7 35 54 57 60
8 9 19 29 59
8 9 19 39 69
8 9 19 49 79
8 9 29 49 59
8 9 29 59 79
8 9 39 49 69
8 9 39 69 79
8 10 21 32 56
8 10 21 43 67
8 10 21 45 78
8 10 32 45 56
8 10 32 56 78
8 10 43 45 67
8 10 43 67 78
8 11 23 35 62
8 11 23 38 65
8 11 23 50 77
8 11 35 50 62
8 11 35 62 77
8 11 38 50 65
8 11 38 65 77
8 12 25 29 59
8 12 25 42 63
8 12 25 46 76
8 12 29 46 59
8 12 29 59 76
8 12 42 46 63
8 12 42 63 76
8 13 18 32 56
8 13 18 37 70
8 13 18 51 75
8 13 32 51 56
8 13 32 56 75
8 13 37 51 70
8 13 37 70 75
8 14 20 35 62
8 14 20 41 68
8 14 20 47 74
8 14 35 47 62
8 14 35 62 74
8 14 41 47 68
8 14 41 68 74
8 15 22 29 59
8 15 22 36 66
8 15 22 52 73
8 15 29 52 59
8 15 29 59 73
8 15 36 52 66
8 15 36 66 73
8 16 24 32 56
8 16 24 40 64
8 16 24 48 72
8 16 32 48 56
8 16 32 56 72
8 16 40 48 64
8 16 40 64 72
8 17 26 35 62
8 17 26 44 71
8 17 26 53 80
8 17 35 53 62
8 17 35 62 80
8 17 44 53 71
8 17 44 71 80
8 18 32 37 56
8 18 32 56 70
8 18 37 51 75
8 18 51 70 75
8 19 29 39 59
8 19 29 59 69
8 19 39 49 79
8 19 49 69 79
8 20 35 41 62
8 20 35 62 68
8 20 41 47 74
8 20 47 68 74
8 21 32 43 56
8 21 32 56 67
8 21 43 45 78
8 21 45 67 78
8 22 29 36 59
8 22 29 59 66
8 22 36 52 73
8 22 52 66 73
8 23 35 38 62
8 23 35 62 65
8 23 38 50 77
8 23 50 65 77
8 24 32 40 56
8 24 32 56 64
8 24 40 48 72
8 24 48 64 72
8 25 29 42 59
8 25 29 59 63
8 25 42 46 76
8 25 46 63 76
8 26 35 44 62
8 26 35 62 71
8 26 44 53 80
8 26 53 71 80
8 27 30 33 55
8 27 30 33 58
8 27 30 33 61
8 27 55 58 61
8 28 31 34 54
8 28 31 34 57
8 28 31 34 60
8 28 54 57 60
8 29 32 35 56
8 29 32 35 59
8 29 32 35 62
8 29 32 56 59
8 29 35 59 62
8 29 36 52 59
8 29 36 59 73
8 29 39 49 59
8 29 39 59 79
8 29 42 46 59
8 29 42 59 76
8 29 46 59 63
8 29 49 59 69
8 29 52 59 66
8 29 56 59 62
8 29 59 63 76
8 29 59 66 73
8 29 59 69 79
8 30 55 58 61
8 31 54 57 60
8 32 35 56 62
8 32 37 51 56
8 32 37 56 75
8 32 40 48 56
8 32 40 56 72
8 32 43 45 56
8 32 43 56 78
8 32 45 56 67
8 32 48 56 64
8 32 51 56 70
8 32 56 59 62
8 32 56 64 72
8 32 56 67 78
8 32 56 70 75
8 33 55 58 61
8 34 54 57 60
8 35 38 50 62
8 35 38 62 77
8 35 41 47 62
8 35 41 62 74
8 35 44 53 62
8 35 44 62 80
8 35 47 62 68
8 35 50 62 65
8 35 53 62 71
8 35 56 59 62
8 35 62 65 77
8 35 62 68 74
8 35 62 71 80
9 10 11 12 15
9 10 11 13 16
9 10 11 14 17
9 10 12 14 15
9 10 12 15 17
9 10 13 14 16
9 10 13 16 17
9 11 12 13 15
9 11 12 15 16
9 11 13 14 17
9 11 14 16 17
9 12 13 14 15
9 12 13 15 17
9 12 14 15 16
9 12 15 16 17
9 12 15 36 63
9 12 15 36 66
9 12 15 36 69
9 12 15 37 65
9 12 15 37 68
9 12 15 37 71
9 12 15 38 64
9 12 15 38 67
9 12 15 38 70
9 12 15 39 63
9 12 15 39 66
9 12 15 39 69
9 12 15 40 65
9 12 15 40 68
9 12 15 40 71
9 12 15 41 64
9 12 15 41 67
9 12 15 41 70
9 12 15 42 63
9 12 15 42 66
9 12 15 42 69
9 12 15 43 65
9 12 15 43 68
9 12 15 43 71
9 12 15 44 64
9 12 15 44 67
9 12 15 44 70
9 12 36 39 69
9 12 36 42 63
9 12 36 63 69
9 12 39 42 66
9 12 39 66 69
9 12 42 63 66
9 15 36 39 63
9 15 36 42 66
9 15 36 63 66
9 15 39 42 69
9 15 39 63 69
9 15 42 66 69
9 18 27 36 63
9 18 27 45 72
9 18 36 54 63
9 18 45 54 72
9 19 29 39 69
9 19 29 49 79
9 19 39 59 69
9 19 49 59 79
9 20 31 42 66
9 20 31 53 77
9 20 42 55 66
9 20 53 55 77
9 21 33 36 63
9 21 33 48 75
9 21 36 60 63
9 21 48 60 75
9 22 35 39 69
9 22 35 52 73
9 22 39 56 69
9 22 52 56 73
9 23 28 42 66
9 23 28 47 80
9 23 42 61 66
9 23 47 61 80
9 24 30 36 63
9 24 30 51 78
9 24 36 57 63
9 24 51 57 78
9 25 32 39 69
9 25 32 46 76
9 25 39 62 69
9 25 46 62 76
9 26 34 42 66
9 26 34 50 74
9 26 42 58 66
9 26 50 58 74
9 27 36 45 63
9 27 36 63 72
9 28 42 47 66
9 28 42 66 80
9 29 39 49 69
9 29 39 69 79
9 30 36 51 63
9 30 36 63 78
9 31 42 53 66
9 31 42 66 77
9 32 39 46 69
9 32 39 69 76
9 33 36 48 63
9 33 36 63 75
9 34 42 50 66
9 34 42 66 74
9 35 39 52 69
9 35 39 69 73
9 36 39 42 63
9 36 39 42 66
9 36 39 42 69
9 36 39 63 69
9 36 42 63 66
9 36 45 54 63
9 36 48 60 63
9 36 51 57 63
9 36 54 63 72
9 36 57 63 78
9 36 60 63 75
9 36 63 66 69
9 37 40 43 65
9 37 40 43 68
9 37 40 43 71
9 37 65 68 71
9 38 41 44 64
9 38 41 44 67
9 38 41 44 70
9 38 64 67 70
9 39 42 66 69
9 39 46 62 69
9 39 49 59 69
9 39 52 56 69
9 39 56 69 73
9 39 59 69 79
9 39 62 69 76
9 39 63 66 69
9 40 65 68 71
9 41 64 67 70
9 42 47 61 66
9 42 50 58 66
9 42 53 55 66
9 42 55 66 77
9 42 58 66 74
9 42 61 66 80
9 42 63 66 69
9 43 65 68 71
9 44 64 67 70
10 11 12 13 16
10 11 12 14 17
10 11 13 15 16
10 11 14 15 17
10 12 13 14 16
10 12 13 16 17
10 13 14 15 16
10 13 15 16 17
10 13 16 36 65
10 13 16 36 68
10 13 16 36 71
10 13 16 37 64
10 13 16 37 67
10 13 16 37 70
10 13 16 38 63
10 13 16 38 66
10 13 16 38 69
10 13 16 39 65
10 13 16 39 68
10 13 16 39 71
10 13 16 40 64
10 13 16 40 67
10 13 16 40 70
10 13 16 41 63
10 13 16 41 66
10 13 16 41 69
10 13 16 42 65
10 13 16 42 68
10 13 16 42 71
10 13 16 43 64
10 13 16 43 67
10 13 16 43 70
10 13 16 44 63
10 13 16 44 66
10 13 16 44 69
10 13 37 40 70
10 13 37 43 64
10 13 37 64 70
10 13 40 43 67
10 13 40 67 70
10 13 43 64 67
10 16 37 40 64
10 16 37 43 67
10 16 37 64 67
10 16 40 43 70
10 16 40 64 70
10 16 43 67 70
10 18 35 43 67
10 18 35 51 75
10 18 43 59 67
10 18 51 59 75
10 19 28 37 64
10 19 28 46 73
10 19 37 55 64
10 19 46 55 73
10 20 30 40 70
10 20 30 50 80
10 20 40 60 70
10 20 50 60 80
10 21 32 43 67
10 21 32 45 78
10 21 43 56 67
10 21 45 56 78
10 22 34 37 64
10 22 34 49 76
10 22 37 61 64
10 22 49 61 76
10 23 27 40 70
10 23 27 53 74
10 23 40 57 70
10 23 53 57 74
10 24 29 43 67
10 24 29 48 72
10 24 43 62 67
10 24 48 62 72
10 25 31 37 64
10 25 31 52 79
10 25 37 58 64
10 25 52 58 79
10 26 33 40 70
10 26 33 47 77
10 26 40 54 70
10 26 47 54 77
10 27 40 53 70
10 27 40 70 74
10 28 37 46 64
10 28 37 64 73
10 29 43 48 67
10 29 43 67 72
10 30 40 50 70
10 30 40 70 80
10 31 37 52 64
10 31 37 64 79
10 32 43 45 67
10 32 43 67 78
10 33 40 47 70
10 33 40 70 77
10 34 37 49 64
10 34 37 64 76
10 35 43 51 67
10 35 43 67 75
10 36 39 42 65
10 36 39 42 68
10 36 39 42 71
10 36 65 68 71
10 37 40 43 64
10 37 40 43 67
10 37 40 43 70
10 37 40 64 70
10 37 43 64 67
10 37 46 55 64
10 37 49 61 64
10 37 52 58 64
10 37 55 64 73
10 37 58 64 79
10 37 61 64 76
10 37 64 67 70
10 38 41 44 63
10 38 41 44 66
10 38 41 44 69
10 38 63 66 69
10 39 65 68 71
10 40 43 67 70
10 40 47 54 70
10 40 50 60 70
10 40 53 57 70
10 40 54 70 77
10 40 57 70 74
10 40 60 70 80
10 40 64 67 70
10 41 63 66 69
10 42 65 68 71
10 43 45 56 67
10 43 48 62 67
10 43 51 59 67
10 43 56 67 78
10 43 59 67 75
10 43 62 67 72
10 43 64 67 70
10 44 63 66 69
11 12 13 14 17
11 12 14 16 17
11 13 14 15 17
11 14 15 16 17
11 14 17 36 64
11 14 17 36 67
11 14 17 36 70
11 14 17 37 63
11 14 17 37 66
11 14 17 37 69
11 14 17 38 65
11 14 17 38 68
11 14 17 38 71
11 14 17 39 64
11 14 17 39 67
11 14 17 39 70
11 14 17 40 63
11 14 17 40 66
11 14 17 40 69
11 14 17 41 65
11 14 17 41 68
11 14 17 41 71
11 14 17 42 64
11 14 17 42 67
11 14 17 42 70
11 14 17 43 63
11 14 17 43 66
11 14 17 43 69
11 14 17 44 65
11 14 17 44 68
11 14 17 44 71
11 14 38 41 71
11 14 38 44 65
11 14 38 65 71
11 14 41 44 68
11 14 41 68 71
11 14 44 65 68
11 17 38 41 65
11 17 38 44 68
11 17 38 65 68
11 17 41 44 71
11 17 41 65 71
11 17 44 68 71
11 18 34 41 71
11 18 34 48 78
11 18 41 55 71
11 18 48 55 78
11 19 27 44 68
11 19 27 52 76
11 19 44 60 68
11 19 52 60 76
11 20 29 38 65
11 20 29 47 74
11 20 38 56 65
11 20 47 56 74
11 21 31 41 71
11 21 31 51 72
11 21 41 61 71
11 21 51 61 72
11 22 33 44 68
11 22 33 46 79
11 22 44 57 68
11 22 46 57 79
11 23 35 38 65
11 23 35 50 77
11 23 38 62 65
11 23 50 62 77
11 24 28 41 71
11 24 28 45 75
11 24 41 58 71
11 24 45 58 75
11 25 30 44 68
11 25 30 49 73
11 25 44 54 68
11 25 49 54 73
11 26 32 38 65
11 26 32 53 80
11 26 38 59 65
11 26 53 59 80
11 27 44 52 68
11 27 44 68 76
11 28 41 45 71
11 28 41 71 75
11 29 38 47 65
11 29 38 65 74
11 30 44 49 68
11 30 44 68 73
11 31 41 51 71
11 31 41 71 72
11 32 38 53 65
11 32 38 65 80
11 33 44 46 68
11 33 44 68 79
11 34 41 48 71
11 34 41 71 78
11 35 38 50 65
11 35 38 65 77
11 36 39 42 64
11 36 39 42 67
11 36 39 42 70
11 36 64 67 70
11 37 40 43 63
11 37 40 43 66
11 37 40 43 69
11 37 63 66 69
11 38 41 44 65
11 38 41 44 68
11 38 41 44 71
11 38 41 65 71
11 38 44 65 68
11 38 47 56 65
11 38 50 62 65
11 38 53 59 65
11 38 56 65 74
11 38 59 65 80
11 38 62 65 77
11 38 65 68 71
11 39 64 67 70
11 40 63 66 69
11 41 44 68 71
11 41 45 58 71
11 41 48 55 71
11 41 51 61 71
11 41 55 71 78
11 41 58 71 75
11 41 61 71 72
11 41 65 68 71
11 42 64 67 70
11 43 63 66 69
11 44 46 57 68
11 44 49 54 68
11 44 52 60 68
11 44 54 68 73
11 44 57 68 79
11 44 60 68 76
11 44 65 68 71
12 15 36 39 66
12 15 36 42 69
12 15 36 66 69
12 15 39 42 63
12 15 39 63 66
12 15 42 63 69
12 18 33 39 66
12 18 33 45 72
12 18 39 60 66
12 18 45 60 72
12 19 35 42 63
12 19 35 49 79
12 19 42 56 63
12 19 49 56 79
12 20 28 36 69
12 20 28 53 77
12 20 36 61 69
12 20 53 61 77
12 21 30 39 66
12 21 30 48 75
12 21 39 57 66
12 21 48 57 75
12 22 32 42 63
12 22 32 52 73
12 22 42 62 63
12 22 52 62 73
12 23 34 36 69
12 23 34 47 80
12 23 36 58 69
12 23 47 58 80
12 24 27 39 66
12 24 27 51 78
12 24 39 54 66
12 24 51 54 78
12 25 29 42 63
12 25 29 46 76
12 25 42 59 63
12 25 46 59 76
12 26 31 36 69
12 26 31 50 74
12 26 36 55 69
12 26 50 55 74
12 27 39 51 66
12 27 39 66 78
12 28 36 53 69
12 28 36 69 77
12 29 42 46 63
12 29 42 63 76
12 30 39 48 66
12 30 39 66 75
12 31 36 50 69
12 31 36 69 74
12 32 42 52 63
12 32 42 63 73
12 33 39 45 66
12 33 39 66 72
12 34 36 47 69
12 34 36 69 80
12 35 42 49 63
12 35 42 63 79
12 36 39 42 63
12 36 39 42 66
12 36 39 42 69
12 36 39 66 69
12 36 42 63 69
12 36 47 58 69
12 36 50 55 69
12 36 53 61 69
12 36 55 69 74
12 36 58 69 80
12 36 61 69 77
12 36 63 66 69
12 37 40 43 65
12 37 40 43 68
12 37 40 43 71
12 37 65 68 71
12 38 41 44 64
12 38 41 44 67
12 38 41 44 70
12 38 64 67 70
12 39 42 63 66
12 39 45 60 66
12 39 48 57 66
12 39 51 54 66
12 39 54 66 78
12 39 57 66 75
12 39 60 66 72
12 39 63 66 69
12 40 65 68 71
12 41 64 67 70
12 42 46 59 63
12 42 49 56 63
12 42 52 62 63
12 42 56 63 79
12 42 59 63 76
12 42 62 63 73
12 42 63 66 69
12 43 65 68 71
12 44 64 67 70
13 16 37 40 67
13 16 37 43 70
13 16 37 67 70
13 16 40 43 64
13 16 40 64 67
13 16 43 64 70
13 18 32 37 70
13 18 32 51 75
13 18 37 56 70
13 18 51 56 75
13 19 34 40 67
13 19 34 46 73
13 19 40 61 67
13 19 46 61 73
13 20 27 43 64
13 20 27 50 80
13 20 43 57 64
13 20 50 57 80
13 21 29 37 70
13 21 29 45 78
13 21 37 62 70
13 21 45 62 78
13 22 31 40 67
13 22 31 49 76
13 22 40 58 67
13 22 49 58 76
13 23 33 43 64
13 23 33 53 74
13 23 43 54 64
13 23 53 54 74
13 24 35 37 70
13 24 35 48 72
13 24 37 59 70
13 24 48 59 72
13 25 28 40 67
13 25 28 52 79
13 25 40 55 67
13 25 52 55 79
13 26 30 43 64
13 26 30 47 77
13 26 43 60 64
13 26 47 60 77
13 27 43 50 64
13 27 43 64 80
13 28 40 52 67
13 28 40 67 79
13 29 37 45 70
13 29 37 70 78
13 30 43 47 64
13 30 43 64 77
13 31 40 49 67
13 31 40 67 76
13 32 37 51 70
13 32 37 70 75
13 33 43 53 64
13 33 43 64 74
13 34 40 46 67
13 34 40 67 73
13 35 37 48 70
13 35 37 70 72
13 36 39 42 65
13 36 39 42 68
13 36 39 42 71
13 36 65 68 71
13 37 40 43 64
13 37 40 43 67
13 37 40 43 70
13 37 40 67 70
13 37 43 64 70
13 37 45 62 70
13 37 48 59 70
13 37 51 56 70
13 37 56 70 75
13 37 59 70 72
13 37 62 70 78
13 37 64 67 70
13 38 41 44 63
13 38 41 44 66
13 38 41 44 69
13 38 63 66 69
13 39 65 68 71
13 40 43 64 67
13 40 46 61 67
13 40 49 58 67
13 40 52 55 67
13 40 55 67 79
13 40 58 67 76
13 40 61 67 73
13 40 64 67 70
13 41 63 66 69
13 42 65 68 71
13 43 47 60 64
13 43 50 57 64
13 43 53 54 64
13 43 54 64 74
13 43 57 64 80
13 43 60 64 77
13 43 64 67 70
13 44 63 66 69
14 17 38 41 68
14 17 38 44 71
14 17 38 68 71
14 17 41 44 65
14 17 41 65 68
14 17 44 65 71
14 18 31 44 65
14 18 31 48 78
14 18 44 61 65
14 18 48 61 78
14 19 33 38 71
14 19 33 52 76
14 19 38 57 71
14 19 52 57 76
14 20 35 41 68
14 20 35 47 74
14 20 41 62 68
14 20 47 62 74
14 21 28 44 65
14 21 28 51 72
14 21 44 58 65
14 21 51 58 72
14 22 30 38 71
14 22 30 46 79
14 22 38 54 71
14 22 46 54 79
14 23 32 41 68
14 23 32 50 77
14 23 41 59 68
14 23 50 59 77
14 24 34 44 65
14 24 34 45 75
14 24 44 55 65
14 24 45 55 75
14 25 27 38 71
14 25 27 49 73
14 25 38 60 71
14 25 49 60 73
14 26 29 41 68
14 26 29 53 80
14 26 41 56 68
14 26 53 56 80
14 27 38 49 71
14 27 38 71 73
14 28 44 51 65
14 28 44 65 72
14 29 41 53 68
14 29 41 68 80
14 30 38 46 71
14 30 38 71 79
14 31 44 48 65
14 31 44 65 78
14 32 41 50 68
14 32 41 68 77
14 33 38 52 71
14 33 38 71 76
14 34 44 45 65
14 34 44 65 75
14 35 41 47 68
14 35 41 68 74
14 36 39 42 64
14 36 39 42 67
14 36 39 42 70
14 36 64 67 70
14 37 40 43 63
14 37 40 43 66
14 37 40 43 69
14 37 63 66 69
14 38 41 44 65
14 38 41 44 68
14 38 41 44 71
14 38 41 68 71
14 38 44 65 71
14 38 46 54 71
14 38 49 60 71
14 38 52 57 71
14 38 54 71 79
14 38 57 71 76
14 38 60 71 73
14 38 65 68 71
14 39 64 67 70
14 40 63 66 69
14 41 44 65 68
14 41 47 62 68
14 41 50 59 68
14 41 53 56 68
14 41 56 68 80
14 41 59 68 77
14 41 62 68 74
14 41 65 68 71
14 42 64 67 70
14 43 63 66 69
14 44 45 55 65
14 44 48 61 65
14 44 51 58 65
14 44 55 65 75
14 44 58 65 72
14 44 61 65 78
14 44 65 68 71
15 18 30 42 69
15 18 30 45 72
15 18 42 57 69
15 18 45 57 72
15 19 32 36 66
15 19 32 49 79
15 19 36 62 66
15 19 49 62 79
15 20 34 39 63
15 20 34 53 77
15 20 39 58 63
15 20 53 58 77
15 21 27 42 69
15 21 27 48 75
15 21 42 54 69
15 21 48 54 75
15 22 29 36 66
15 22 29 52 73
15 22 36 59 66
15 22 52 59 73
15 23 31 39 63
15 23 31 47 80
15 23 39 55 63
15 23 47 55 80
15 24 33 42 69
15 24 33 51 78
15 24 42 60 69
15 24 51 60 78
15 25 35 36 66
15 25 35 46 76
15 25 36 56 66
15 25 46 56 76
15 26 28 39 63
15 26 28 50 74
15 26 39 61 63
15 26 50 61 74
15 27 42 48 69
15 27 42 69 75
15 28 39 50 63
15 28 39 63 74
15 29 36 52 66
15 29 36 66 73
15 30 42 45 69
15 30 42 69 72
15 31 39 47 63
15 31 39 63 80
15 32 36 49 66
15 32 36 66 79
15 33 42 51 69
15 33 42 69 78
15 34 39 53 63
15 34 39 63 77
15 35 36 46 66
15 35 36 66 76
15 36 39 42 63
15 36 39 42 66
15 36 39 42 69
15 36 39 63 66
15 36 42 66 69
15 36 46 56 66
15 36 49 62 66
15 36 52 59 66
15 36 56 66 76
15 36 59 66 73
15 36 62 66 79
15 36 63 66 69
15 37 40 43 65
15 37 40 43 68
15 37 40 43 71
15 37 65 68 71
15 38 41 44 64
15 38 41 44 67
15 38 41 44 70
15 38 64 67 70
15 39 42 63 69
15 39 47 55 63
15 39 50 61 63
15 39 53 58 63
15 39 55 63 80
15 39 58 63 77
15 39 61 63 74
15 39 63 66 69
15 40 65 68 71
15 41 64 67 70
15 42 45 57 69
15 42 48 54 69
15 42 51 60 69
15 42 54 69 75
15 42 57 69 72
15 42 60 69 78
15 42 63 66 69
15 43 65 68 71
15 44 64 67 70
16 18 29 40 64
16 18 29 51 75
16 18 40 62 64
16 18 51 62 75
16 19 31 43 70
16 19 31 46 73
16 19 43 58 70
16 19 46 58 73
16 20 33 37 67
16 20 33 50 80
16 20 37 54 67
16 20 50 54 80
16 21 35 40 64
16 21 35 45 78
16 21 40 59 64
16 21 45 59 78
16 22 28 43 70
16 22 28 49 76
16 22 43 55 70
16 22 49 55 76
16 23 30 37 67
16 23 30 53 74
16 23 37 60 67
16 23 53 60 74
16 24 32 40 64
16 24 32 48 72
16 24 40 56 64
16 24 48 56 72
16 25 34 43 70
16 25 34 52 79
16 25 43 61 70
16 25 52 61 79
16 26 27 37 67
16 26 27 47 77
16 26 37 57 67
16 26 47 57 77
16 27 37 47 67
16 27 37 67 77
16 28 43 49 70
16 28 43 70 76
16 29 40 51 64
16 29 40 64 75
16 30 37 53 67
16 30 37 67 74
16 31 43 46 70
16 31 43 70 73
16 32 40 48 64
16 32 40 64 72
16 33 37 50 67
16 33 37 67 80
16 34 43 52 70
16 34 43 70 79
16 35 40 45 64
16 35 40 64 78
16 36 39 42 65
16 36 39 42 68
16 36 39 42 71
16 36 65 68 71
16 37 40 43 64
16 37 40 43 67
16 37 40 43 70
16 37 40 64 67
16 37 43 67 70
16 37 47 57 67
16 37 50 54 67
16 37 53 60 67
16 37 54 67 80
16 37 57 67 77
16 37 60 67 74
16 37 64 67 70
16 38 41 44 63
16 38 41 44 66
16 38 41 44 69
16 38 63 66 69
16 39 65 68 71
16 40 43 64 70
16 40 45 59 64
16 40 48 56 64
16 40 51 62 64
16 40 56 64 72
16 40 59 64 78
16 40 62 64 75
16 40 64 67 70
16 41 63 66 69
16 42 65 68 71
16 43 46 58 70
16 43 49 55 70
16 43 52 61 70
16 43 55 70 76
16 43 58 70 73
16 43 61 70 79
16 43 64 67 70
16 44 63 66 69
17 18 28 38 68
17 18 28 48 78
17 18 38 58 68
17 18 48 58 78
17 19 30 41 65
17 19 30 52 76
17 19 41 54 65
17 19 52 54 76
17 20 32 44 71
17 20 32 47 74
17 20 44 59 71
17 20 47 59 74
17 21 34 38 68
17 21 34 51 72
17 21 38 55 68
17 21 51 55 72
17 22 27 41 65
17 22 27 46 79
17 22 41 60 65
17 22 46 60 79
17 23 29 44 71
17 23 29 50 77
17 23 44 56 71
17 23 50 56 77
17 24 31 38 68
17 24 31 45 75
17 24 38 61 68
17 24 45 61 75
17 25 33 41 65
17 25 33 49 73
17 25 41 57 65
17 25 49 57 73
17 26 35 44 71
17 26 35 53 80
17 26 44 62 71
17 26 53 62 80
17 27 41 46 65
17 27 41 65 79
17 28 38 48 68
17 28 38 68 78
17 29 44 50 71
17 29 44 71 77
17 30 41 52 65
17 30 41 65 76
17 31 38 45 68
17 31 38 68 75
17 32 44 47 71
17 32 44 71 74
17 33 41 49 65
17 33 41 65 73
17 34 38 51 68
17 34 38 68 72
17 35 44 53 71
17 35 44 71 80
17 36 39 42 64
17 36 39 42 67
17 36 39 42 70
17 36 64 67 70
17 37 40 43 63
17 37 40 43 66
17 37 40 43 69
17 37 63 66 69
17 38 41 44 65
17 38 41 44 68
17 38 41 44 71
17 38 41 65 68
17 38 44 68 71
17 38 45 61 68
17 38 48 58 68
17 38 51 55 68
17 38 55 68 72
17 38 58 68 78
17 38 61 68 75
17 38 65 68 71
17 39 64 67 70
17 40 63 66 69
17 41 44 65 71
17 41 46 60 65
17 41 49 57 65
17 41 52 54 65
17 41 54 65 76
17 41 57 65 73
17 41 60 65 79
17 41 65 68 71
17 42 64 67 70
17 43 63 66 69
17 44 47 59 71
17 44 50 56 71
17 44 53 62 71
17 44 56 71 77
17 44 59 71 74
17 44 62 71 80
17 44 65 68 71
18 19 20 21 24
18 19 20 22 25
18 19 20 23 26
18 19 21 23 24
18 19 21 24 26
18 19 22 23 25
18 19 22 25 26
18 20 21 22 24
18 20 21 24 25
18 20 22 23 26
18 20 23 25 26
18 21 22 23 24
18 21 22 24 26
18 21 23 24 25
18 21 24 25 26
18 21 24 45 72
18 21 24 45 75
18 21 24 45 78
18 21 24 46 74
18 21 24 46 77
18 21 24 46 80
18 21 24 47 73
18 21 24 47 76
18 21 24 47 79
18 21 24 48 72
18 21 24 48 75
18 21 24 48 78
18 21 24 49 74
18 21 24 49 77
18 21 24 49 80
18 21 24 50 73
18 21 24 50 76
18 21 24 50 79
18 21 24 51 72
18 21 24 51 75
18 21 24 51 78
18 21 24 52 74
18 21 24 52 77
18 21 24 52 80
18 21 24 53 73
18 21 24 53 76
18 21 24 53 79
18 21 45 48 78
18 21 45 51 72
18 21 45 72 78
18 21 48 51 75
18 21 48 75 78
18 21 51 72 75
18 24 45 48 72
18 24 45 51 75
18 24 45 72 75
18 24 48 51 78
18 24 48 72 78
18 24 51 75 78
18 27 36 45 72
18 27 45 63 72
18 28 38 48 78
18 28 48 68 78
18 29 40 51 75
18 29 51 64 75
18 30 42 45 72
18 30 45 69 72
18 31 44 48 78
18 31 48 65 78
18 32 37 51 75
18 32 51 70 75
18 33 39 45 72
18 33 45 66 72
18 34 41 48 78
18 34 48 71 78
18 35 43 51 75
18 35 51 67 75
18 36 45 54 72
18 37 51 56 75
18 38 48 58 78
18 39 45 60 72
18 40 51 62 75
18 41 48 55 78
18 42 45 57 72
18 43 51 59 75
18 44 48 61 78
18 45 48 51 72
18 45 48 51 75
18 45 48 51 78
18 45 48 72 78
18 45 51 72 75
18 45 54 63 72
18 45 57 69 72
18 45 60 66 72
18 45 72 75 78
18 46 49 52 74
18 46 49 52 77
18 46 49 52 80
18 46 74 77 80
18 47 50 53 73
18 47 50 53 76
18 47 50 53 79
18 47 73 76 79
18 48 51 75 78
18 48 55 71 78
18 48 58 68 78
18 48 61 65 78
18 48 72 75 78
18 49 74 77 80
18 50 73 76 79
18 51 56 70 75
18 51 59 67 75
18 51 62 64 75
18 51 72 75 78
18 52 74 77 80
18 53 73 76 79
19 20 21 22 25
19 20 21 23 26
19 20 22 24 25
19 20 23 24 26
19 21 22 23 25
19 21 22 25 26
19 22 23 24 25
19 22 24 25 26
19 22 25 45 74
19 22 25 45 77
19 22 25 45 80
19 22 25 46 73
19 22 25 46 76
19 22 25 46 79
19 22 25 47 72
19 22 25 47 75
19 22 25 47 78
19 22 25 48 74
19 22 25 48 77
19 22 25 48 80
19 22 25 49 73
19 22 25 49 76
19 22 25 49 79
19 22 25 50 72
19 22 25 50 75
19 22 25 50 78
19 22 25 51 74
19 22 25 51 77
19 22 25 51 80
19 22 25 52 73
19 22 25 52 76
19 22 25 52 79
19 22 25 53 72
19 22 25 53 75
19 22 25 53 78
19 22 46 49 79
19 22 46 52 73
19 22 46 73 79
19 22 49 52 76
19 22 49 76 79
19 22 52 73 76
19 25 46 49 73
19 25 46 52 76
19 25 46 73 76
19 25 49 52 79
19 25 49 73 79
19 25 52 76 79
19 27 44 52 76
19 27 52 68 76
19 28 37 46 73
19 28 46 64 73
19 29 39 49 79
19 29 49 69 79
19 30 41 52 76
19 30 52 65 76
19 31 43 46 73
19 31 46 70 73
19 32 36 49 79
19 32 49 66 79
19 33 38 52 76
19 33 52 71 76
19 34 40 46 73
19 34 46 67 73
19 35 42 49 79
19 35 49 63 79
19 36 49 62 79
19 37 46 55 73
19 38 52 57 76
19 39 49 59 79
19 40 46 61 73
19 41 52 54 76
19 42 49 56 79
19 43 46 58 73
19 44 52 60 76
19 45 48 51 74
19 45 48 51 77
19 45 48 51 80
19 45 74 77 80
19 46 49 52 73
19 46 49 52 76
19 46 49 52 79
19 46 49 73 79
19 46 52 73 76
19 46 55 64 73
19 46 58 70 73
19 46 61 67 73
19 46 73 76 79
19 47 50 53 72
19 47 50 53 75
19 47 50 53 78
19 47 72 75 78
19 48 74 77 80
19 49 52 76 79
19 49 56 63 79
19 49 59 69 79
19 49 62 66 79
19 49 73 76 79
19 50 72 75 78
19 51 74 77 80
19 52 54 65 76
19 52 57 71 76
19 52 60 68 76
19 52 73 76 79
19 53 72 75 78
20 21 22 23 26
20 21 23 25 26
20 22 23 24 26
20 23 24 25 26
20 23 26 45 73
20 23 26 45 76
20 23 26 45 79
20 23 26 46 72
20 23 26 46 75
20 23 26 46 78
20 23 26 47 74
20 23 26 47 77
20 23 26 47 80
20 23 26 48 73
20 23 26 48 76
20 23 26 48 79
20 23 26 49 72
20 23 26 49 75
20 23 26 49 78
20 23 26 50 74
20 23 26 50 77
20 23 26 50 80
20 23 26 51 73
20 23 26 51 76
20 23 26 51 79
20 23 26 52 72
20 23 26 52 75
20 23 26 52 78
20 23 26 53 74
20 23 26 53 77
20 23 26 53 80
20 23 47 50 80
20 23 47 53 74
20 23 47 74 80
20 23 50 53 77
20 23 50 77 80
20 23 53 74 77
20 26 47 50 74
20 26 47 53 77
20 26 47 74 77
20 26 50 53 80
20 26 50 74 80
20 26 53 77 80
20 27 43 50 80
20 27 50 64 80
20 28 36 53 77
20 28 53 69 77
20 29 38 47 74
20 29 47 65 74
20 30 40 50 80
20 30 50 70 80
20 31 42 53 77
20 31 53 66 77
20 32 44 47 74
20 32 47 71 74
20 33 37 50 80
20 33 50 67 80
20 34 39 53 77
20 34 53 63 77
20 35 41 47 74
20 35 47 68 74
20 36 53 61 77
20 37 50 54 80
20 38 47 56 74
20 39 53 58 77
20 40 50 60 80
20 41 47 62 74
20 42 53 55 77
20 43 50 57 80
20 44 47 59 74
20 45 48 51 73
20 45 48 51 76
20 45 48 51 79
20 45 73 76 79
20 46 49 52 72
20 46 49 52 75
20 46 49 52 78
20 46 72 75 78
20 47 50 53 74
20 47 50 53 77
20 47 50 53 80
20 47 50 74 80
20 47 53 74 77
20 47 56 65 74
20 47 59 71 74
20 47 62 68 74
20 47 74 77 80
20 48 73 76 79
20 49 72 75 78
20 50 53 77 80
20 50 54 67 80
20 50 57 64 80
20 50 60 70 80
20 50 74 77 80
20 51 73 76 79
20 52 72 75 78
20 53 55 66 77
20 53 58 63 77
20 53 61 69 77
20 53 74 77 80
21 24 45 48 75
21 24 45 51 78
21 24 45 75 78
21 24 48 51 72
21 24 48 72 75
21 24 51 72 78
21 27 42 48 75
21 27 48 69 75
21 28 44 51 72
21 28 51 65 72
21 29 37 45 78
21 29 45 70 78
21 30 39 48 75
21 30 48 66 75
21 31 41 51 72
21 31 51 71 72
21 32 43 45 78
21 32 45 67 78
21 33 36 48 75
21 33 48 63 75
21 34 38 51 72
21 34 51 68 72
21 35 40 45 78
21 35 45 64 78
21 36 48 60 75
21 37 45 62 78
21 38 51 55 72
21 39 48 57 75
21 40 45 59 78
21 41 51 61 72
21 42 48 54 75
21 43 45 56 78
21 44 51 58 72
21 45 48 51 72
21 45 48 51 75
21 45 48 51 78
21 45 48 75 78
21 45 51 72 78
21 45 56 67 78
21 45 59 64 78
21 45 62 70 78
21 45 72 75 78
21 46 49 52 74
21 46 49 52 77
21 46 49 52 80
21 46 74 77 80
21 47 50 53 73
21 47 50 53 76
21 47 50 53 79
21 47 73 76 79
21 48 51 72 75
21 48 54 69 75
21 48 57 66 75
21 48 60 63 75
21 48 72 75 78
21 49 74 77 80
21 50 73 76 79
21 51 55 68 72
21 51 58 65 72
21 51 61 71 72
21 51 72 75 78
21 52 74 77 80
21 53 73 76 79
22 25 46 49 76
22 25 46 52 79
22 25 46 76 79
22 25 49 52 73
22 25 49 73 76
22 25 52 73 79
22 27 41 46 79
22 27 46 65 79
22 28 43 49 76
22 28 49 70 76
22 29 36 52 73
22 29 52 66 73
22 30 38 46 79
22 30 46 71 79
22 31 40 49 76
22 31 49 67 76
22 32 42 52 73
22 32 52 63 73
22 33 44 46 79
22 33 46 68 79
22 34 37 49 76
22 34 49 64 76
22 35 39 52 73
22 35 52 69 73
22 36 52 59 73
22 37 49 61 76
22 38 46 54 79
22 39 52 56 73
22 40 49 58 76
22 41 46 60 79
22 42 52 62 73
22 43 49 55 76
22 44 46 57 79
22 45 48 51 74
22 45 48 51 77
22 45 48 51 80
22 45 74 77 80
22 46 49 52 73
22 46 49 52 76
22 46 49 52 79
22 46 49 76 79
22 46 52 73 79
22 46 54 71 79
22 46 57 68 79
22 46 60 65 79
22 46 73 76 79
22 47 50 53 72
22 47 50 53 75
22 47 50 53 78
22 47 72 75 78
22 48 74 77 80
22 49 52 73 76
22 49 55 70 76
22 49 58 67 76
22 49 61 64 76
22 49 73 76 79
22 50 72 75 78
22 51 74 77 80
22 52 56 69 73
22 52 59 66 73
22 52 62 63 73
22 52 73 76 79
22 53 72 75 78
23 26 47 50 77
23 26 47 53 80
23 26 47 77 80
23 26 50 53 74
23 26 50 74 77
23 26 53 74 80
23 27 40 53 74
23 27 53 70 74
23 28 42 47 80
23 28 47 66 80
23 29 44 50 77
23 29 50 71 77
23 30 37 53 74
23 30 53 67 74
23 31 39 47 80
23 31 47 63 80
23 32 41 50 77
23 32 50 68 77
23 33 43 53 74
23 33 53 64 74
23 34 36 47 80
23 34 47 69 80
23 35 38 50 77
23 35 50 65 77
23 36 47 58 80
23 37 53 60 74
23 38 50 62 77
23 39 47 55 80
23 40 53 57 74
23 41 50 59 77
23 42 47 61 80
23 43 53 54 74
23 44 50 56 77
23 45 48 51 73
23 45 48 51 76
23 45 48 51 79
23 45 73 76 79
23 46 49 52 72
23 46 49 52 75
23 46 49 52 78
23 46 72 75 78
23 47 50 53 74
23 47 50 53 77
23 47 50 53 80
23 47 50 77 80
23 47 53 74 80
23 47 55 63 80
23 47 58 69 80
23 47 61 66 80
23 47 74 77 80
23 48 73 76 79
23 49 72 75 78
23 50 53 74 77
23 50 56 71 77
23 50 59 68 77
23 50 62 65 77
23 50 74 77 80
23 51 73 76 79
23 52 72 75 78
23 53 54 64 74
23 53 57 70 74
23 53 60 67 74
23 53 74 77 80
24 27 39 51 78
24 27 51 66 78
24 28 41 45 75
24 28 45 71 75
24 29 43 48 72
24 29 48 67 72
24 30 36 51 78
24 30 51 63 78
24 31 38 45 75
24 31 45 68 75
24 32 40 48 72
24 32 48 64 72
24 33 42 51 78
24 33 51 69 78
24 34 44 45 75
24 34 45 65 75
24 35 37 48 72
24 35 48 70 72
24 36 51 57 78
24 37 48 59 72
24 38 45 61 75
24 39 51 54 78
24 40 48 56 72
24 41 45 58 75
24 42 51 60 78
24 43 48 62 72
24 44 45 55 75
24 45 48 51 72
24 45 48 51 75
24 45 48 51 78
24 45 48 72 75
24 45 51 75 78
24 45 55 65 75
24 45 58 71 75
24 45 61 68 75
24 45 72 75 78
24 46 49 52 74
24 46 49 52 77
24 46 49 52 80
24 46 74 77 80
24 47 50 53 73
24 47 50 53 76
24 47 50 53 79
24 47 73 76 79
24 48 51 72 78
24 48 56 64 72
24 48 59 70 72
24 48 62 67 72
24 48 72 75 78
24 49 74 77 80
24 50 73 76 79
24 51 54 66 78
24 51 57 63 78
24 51 60 69 78
24 51 72 75 78
24 52 74 77 80
24 53 73 76 79
25 27 38 49 73
25 27 49 71 73
25 28 40 52 79
25 28 52 67 79
25 29 42 46 76
25 29 46 63 76
25 30 44 49 73
25 30 49 68 73
25 31 37 52 79
25 31 52 64 79
25 32 39 46 76
25 32 46 69 76
25 33 41 49 73
25 33 49 65 73
25 34 43 52 79
25 34 52 70 79
25 35 36 46 76
25 35 46 66 76
25 36 46 56 76
25 37 52 58 79
25 38 49 60 73
25 39 46 62 76
25 40 52 55 79
25 41 49 57 73
25 42 46 59 76
25 43 52 61 79
25 44 49 54 73
25 45 48 51 74
25 45 48 51 77
25 45 48 51 80
25 45 74 77 80
25 46 49 52 73
25 46 49 52 76
25 46 49 52 79
25 46 49 73 76
25 46 52 76 79
25 46 56 66 76
25 46 59 63 76
25 46 62 69 76
25 46 73 76 79
25 47 50 53 72
25 47 50 53 75
25 47 50 53 78
25 47 72 75 78
25 48 74 77 80
25 49 52 73 79
25 49 54 68 73
25 49 57 65 73
25 49 60 71 73
25 49 73 76 79
25 50 72 75 78
25 51 74 77 80
25 52 55 67 79
25 52 58 64 79
25 52 61 70 79
25 52 73 76 79
25 53 72 75 78
26 27 37 47 77
26 27 47 67 77
26 28 39 50 74
26 28 50 63 74
26 29 41 53 80
26 29 53 68 80
26 30 43 47 77
26 30 47 64 77
26 31 36 50 74
26 31 50 69 74
26 32 38 53 80
26 32 53 65 80
26 33 40 47 77
26 33 47 70 77
26 34 42 50 74
26 34 50 66 74
26 35 44 53 80
26 35 53 71 80
26 36 50 55 74
26 37 47 57 77
26 38 53 59 80
26 39 50 61 74
26 40 47 54 77
26 41 53 56 80
26 42 50 58 74
26 43 47 60 77
26 44 53 62 80
26 45 48 51 73
26 45 48 51 76
26 45 48 51 79
26 45 73 76 79
26 46 49 52 72
26 46 49 52 75
26 46 49 52 78
26 46 72 75 78
26 47 50 53 74
26 47 50 53 77
26 47 50 53 80
26 47 50 74 77
26 47 53 77 80
26 47 54 70 77
26 47 57 67 77
26 47 60 64 77
26 47 74 77 80
26 48 73 76 79
26 49 72 75 78
26 50 53 74 80
26 50 55 69 74
26 50 58 66 74
26 50 61 63 74
26 50 74 77 80
26 51 73 76 79
26 52 72 75 78
26 53 56 68 80
26 53 59 65 80
26 53 62 71 80
26 53 74 77 80
27 28 29 30 33
27 28 29 31 34
27 28 29 32 35
27 28 30 32 33
27 28 30 33 35
27 28 31 32 34
27 28 31 34 35
27 29 30 31 33
27 29 30 33 34
27 29 31 32 35
27 29 32 34 35
27 30 31 32 33
27 30 31 33 35
27 30 32 33 34
27 30 33 34 35
28 29 30 31 34
28 29 30 32 35
28 29 31 33 34
28 29 32 33 35
28 30 31 32 34
28 30 31 34 35
28 31 32 33 34
28 31 33 34 35
29 30 31 32 35
29 30 32 34 35
29 31 32 33 35
29 32 33 34 35
36 37 38 39 42
36 37 38 40 43
36 37 38 41 44
36 37 39 41 42
36 37 39 42 44
36 37 40 41 43
36 37 40 43 44
36 38 39 40 42
36 38 39 42 43
36 38 40 41 44
36 38 41 43 44
36 39 40 41 42
36 39 40 42 44
36 39 41 42 43
36 39 42 43 44
37 38 39 40 43
37 38 39 41 44
37 38 40 42 43
37 38 41 42 44
37 39 40 41 43
37 39 40 43 44
37 40 41 42 43
37 40 42 43 44
38 39 40 41 44
38 39 41 43 44
38 40 41 42 44
38 41 42 43 44
45 46 47 48 51
45 46 47 49 52
45 46 47 50 53
45 46 48 50 51
45 46 48 51 53
45 46 49 50 52
45 46 49 52 53
45 47 48 49 51
45 47 48 51 52
45 47 49 50 53
45 47 50 52 53
45 48 49 50 51
45 48 49 51 53
45 48 50 51 52
45 48 51 52 53
46 47 48 49 52
46 47 48 50 53
46 47 49 51 52
46 47 50 51 53
46 48 49 50 52
46 48 49 52 53
46 49 50 51 52
46 49 51 52 53
47 48 49 50 53
47 48 50 52 53
47 49 50 51 53
47 50 51 52 53
54 55 56 57 60
54 55 56 58 61
54 55 56 59 62
54 55 57 59 60
54 55 57 60 62
54 55 58 59 61
54 55 58 61 62
54 56 57 58 60
54 56 57 60 61
54 56 58 59 62
54 56 59 61 62
54 57 58 59 60
54 57 58 60 62
54 57 59 60 61
54 57 60 61 62
55 56 57 58 61
55 56 57 59 62
55 56 58 60 61
55 56 59 60 62
55 57 58 59 61
55 57 58 61 62
55 58 59 60 61
55 58 60 61 62
56 57 58 59 62
56 57 59 61 62
56 58 59 60 62
56 59 60 61 62
63 64 65 66 69
63 64 65 67 70
63 64 65 68 71
63 64 66 68 69
63 64 66 69 71
63 64 67 68 70
63 64 67 70 71
63 65 66 67 69
63 65 66 69 70
63 65 67 68 71
63 65 68 70 71
63 66 67 68 69
63 66 67 69 71
63 66 68 69 70
63 66 69 70 71
64 65 66 67 70
64 65 66 68 71
64 65 67 69 70
64 65 68 69 71
64 66 67 68 70
64 66 67 70 71
64 67 68 69 70
64 67 69 70 71
65 66 67 68 71
65 66 68 70 71
65 67 68 69 71
65 68 69 70 71
72 73 74 75 78
72 73 74 76 79
72 73 74 77 80
72 73 75 77 78
72 73 75 78 80
72 73 76 77 79
72 73 76 79 80
72 74 75 76 78
72 74 75 78 79
72 74 76 77 80
72 74 77 79 80
72 75 76 77 78
72 75 76 78 80
72 75 77 78 79
72 75 78 79 80
73 74 75 76 79
73 74 75 77 80
73 74 76 78 79
73 74 77 78 80
73 75 76 77 79
73 75 76 79 80
73 76 77 78 79
73 76 78 79 80
74 75 76 77 80
74 75 77 79 80
74 76 77 78 80
74 77 78 79 80
